[0.022325850181824602, 0.07506958994265309, 0.2344374345066787, 0.07282049520554755, 0.23654075378959946, 0.06151597643499952, 0.5639038953994674, 0.5108386219972981, 0.4183947483337274]
[0.46584603141568454, 0.07384819109889638, 0.10960141532214575, 0.5366384605374883, 0.9003440967105328, 0.23975782935344292, 0.45917531375629367, 0.45158568015389955, 0.5383191726241697]


[0.20707470748461265, 0.06234202045050622, 0.10181173866667008, 0.3018097678264214, 0.6221584160783665, 0.22281402544497297, 0.7442868858654212, 0.4748328253186299, 0.7891124852617805]
[0.5338208982842829, 0.0774150761313357, 0.11126692136062805, 0.5972849994346356, 0.9252998063925819, 0.23956738804565272, 0.38043892895937204, 0.45118784525901817, 0.4636729372314731]
[0.006541453806128475, 0.0772461308515119, 0.2524924011021603, 0.05547057157607355, 0.20551151979855964, 0.04396982725347265, 0.5373731081661285, 0.5172392168158405, 0.37385226071736655]


[0.1755667122145315, 0.08220086196140232, 0.2459045992325345, 0.29891629945281994, 0.7887230645902367, 0.08104788184250265, 0.33087688650137126, 0.35882091016257034, 0.35314088230195184]
[0.5446933048898028, 0.07570899363300938, 0.10903820795471968, 0.6035456663927681, 0.8929954535887615, 0.24015666005388941, 0.4896348982815631, 0.42846157958291686, 0.5563636313086946]
[0.8649591870624822, 0.10177454747492952, 0.11017789693901829, 0.8331193837583297, 0.9260362310180424, 0.558205896667848, 0.3873750222762929, 0.7177057627656673, 0.6919668006935185]
[0.02051267214801968, 0.06951995254207301, 0.1999842280752494, 0.06354897290035862, 0.2046542457353457, 0.059036326534859254, 0.6013731386236104, 0.5377119631661847, 0.4229264832539354]

[0.056820791732166406, 0.11072987997845096, 0.4778889566330722, 0.17971856837374642, 0.5633872543186375, 0.07614871049461897, 0.3147528804292253, 0.5243584968048655, 0.4153577612313727]
[9.533453380616505E-9, 0.07487986366929231, 0.02963012901800966, 9.60161130991146E-9, 1.687709035580823E-8, 0.2785460594608811, 1.3037155978487278, 0.7758832369008422, 1.5749463869559281]
[0.2112336118375749, 0.06208823425583019, 0.10231151098187176, 0.3167555988058097, 0.6845518559911408, 0.21411562308204563, 0.7440194982139315, 0.47466963915951643, 0.7651070402912736]
[0.5701333390249511, 0.08065266962836194, 0.11729045909098959, 0.6174256939849754, 0.9270360062259271, 0.25048963077863434, 0.40631470087549876, 0.44886029734788907, 0.4768048182914107]
[0.0018676007377459362, 0.053102738655687494, 0.08409808305634375, 0.023062963502566064, 0.07209533447644503, 0.015138611851293117, 0.6271898731390576, 0.5235952839264353, 0.28499147088054777]

2 clusters index: 0.11766001059957154
3 clusters index: 0.21009572260449935
4 clusters index: 0.26911910428266894
5 clusters index: 0.06092805820677806
